1491402641189118
1911487682409964
1635142700086685
1911388515751944
1504894646495709
1497734560552804
180964548903721
1609825475957660
919437521461328
536633926492670
1839720269587720
1510918232562453
906516792762272
1506550079662054
719960284815669
10153489405846329
568270343327202
417785395083929
726608830804199
479295632244000
891671954258078
156194391392940
1711333215762761
444310982421386
722821857824064
10205161469293574
461201304062668
524996240988624
405911582951263
1823194064573737
432894010233898
449099705293976
720421721425768
1651158621766686
148373388847333
158111807867858
143995502618257
1199611890055704
1662119000735668
1473566506306922
1625465291039611
1660340207548217
1066785860022696
1492650864395081
1921146651444200
1631827230404182
603201839820751
440502539484299
760130587431371
1696756833878091
526010874222533
158262777853713
1524925697798084
173683666303282
1660738254169098
408352026039826
1530210450603240
387602088116067
1684427811792206
505545242955411
505145422973873
1657699394444598
1697728123792253
1724582511108438
1498467293812559
402868549909805
133837623637658
144963062519994
1498403383815518
1476530962677056
1632036510382554
429214147283821
1650011955269314
1790335224526460
1501823516807729
1031658913524236
519255171571993
711902388916530
509542272537309
1484015795259693
446237612232850
1499444167047236
161067680904587
1655801334662721
1614294672183773
741947022577792
481317122047851
490816061099827
173964269614250
557103634444043
882632875177670
1633563780265807
430228490499025
966243630103879
1505426226445351
1681822475369393
154386841573032
620272614782487
1516484625310289
1641341416137869
175641932774278
1510674185917890
420412608153162
10203808577654812
1083471365005278
920663227987850
534640776692561
1643701205882541
430965973761174
611273112344859
945382468852589
1010652272288439
1673632352907163
167783936896939
627325674037244
196482154016346
597271393747462
587511401387295
841145322650352
731340847009760
429175680614944
781964945246681
512697585564774
472802509590917
154621708221996
414023282122245
529150267239155
528008897357749
522990727861259
548059338674580
485110778335399
1672049339674874
548618601953931
1629360144006949
917264191680210
546039848885628
408382792692300
716480031816883
404786769722343
537976186357781
1195543700461584
503287199842164
492013277647259
1503602439952566
1504144503239725
522599021222704
1730018273896071
615417845273550
144151732602346
1499508543697778
553561634797920
158189971199258
1522437078047563
1613183652279026
486032971574585
532080113616569
466935413511315
1097616620250585
1501850863471753
1672865076283300
542526519234286
405008869696236
1053036864716174
476950599133646
190198051311829
535935889888587
1622766357977161
1494733650826100
1736884483206133
762707230541260
1500991976880180
1504801629831742
381098592087152
620127988130025
1678211192416276
406107342918759
840078862776975
1532338693723363
713079638822084
1655952331350778
426836490849706
1126372010725463
1702481456642264
168328193508802
1651238605089065
1627085674207839
716008361837637
1654150514826520
539202979561271
442508945932944
425526077652311
504496343059130
421392298053911
1639817296256948
1472169666424307
164301397247833
192809597717135
423018627904281
1649609375322451
1625198771084087
560526607434840
953031754770262
788337741275072
1646816425582127
1500383516953914
1505047869813524
180105215660729
458060521043641
513860205438775
942666269122857
488641137983507
1814034535490013
179114512423265
1002080153170787
448084502066641
434968230037159
543305189161970
852510404868299
517168438435269
436593459884591
1644701252466554
181413032193929
144503339233631
103963563293553
103516720005032
1511040962545512
1794055854154692
393954094137564
379145775617994
873228066117706
722492117882496
619598484847262
1626578244226515
418634278326007
186891361645072
1489093351418502
1932172683675078
490616004451017
186737868326674
728234647320880
961759710536605
1635386240075087
732057566938565
1645475052388814
174999896172760
173339149671273
500195620158115
688621767940627
1689570361278106
1570383033182328
439277316268550
477530689074980
1496351827329789
1617685768505296
1690650041168874
1634637280128597
484798315036044
495434220630259
738422189597511
1173761465983809
533954670103490
523816157768851
1684922728406191
407169116149583
835622896557960
146798135670459
141184072902003
136382466715142
734242006720124
1498339373823754
746644868813162
954858311241856
980739215320457
1802437566649965
828305463957600
435348019982656
526262294206612
420570074804869
632479140223419
516699538488715
513936112104875
10205115961682280
512378798928550
1677264439163531
1794247350802211
1650997235112282
429088487301526
754970824615100
173867449618448
1631857627097510
1241543045872191
1661957060726677
144798555873051
1648833868726263
457309844453262
881053525296643
449643415215228
1761158257444887
525003387665705
1632576453676527
523653401135581
1501415083511592
887780231300355
1646388695643711
911505168938674
721529134645474
1642499452693410
1503537259963136
724029821073705
521525364668513
481852758651369
720499688055611
171041333237274
527574780729334
1497214407269817
1483136638659173
854801331302392
145123935838591
1658754307740452
543719465790947
882396955163354
143348796016577
1477174129278220
1505411059773967
1708221599401039
646407075496777
700125570124302
1688320481401184
608035486003079
1503537259963136
1665991210314569
754374964709179
1640458779562389
423367727857807
886687884751633
1701685640054174
164562943886554
404750673061969
10207916546781202
1658879897692055
548257608676558
193652844298983
151330788550794
154762841537459
145597525791909
10206047928729598
155469824801728
1645749109031485
1629848780614881
959992234039467
736758123095495
666339800168202
492630500899834
1628942070707882
1644595209146263
419240231601441
421323624727093
413642075493801
399581796919119
742334329206123
398917046984823
1662222020662630
619020828237626
152117541803185
1661902084023574
1628902124025054
455981154589765
481014392072786
1617471968514576
1638132683136254
1674767379405377
511915378982298
1642485322673898
861600577269970
443655535818393
157718054573266
729604930517833
1796309217262546
191296197868929
958270607575383
1474398906199041
533058223521263
579857882151923
425726110958071
553566954792275
803328106476013
498574103649317
445359752317649
427052497484231
945246828869269
706663742811832
10201212179184152
424270391110845
860874107362780
514306095396191
956876827705098
10207677634844608
1651208291784387
1636002846679588
156719681340442
1672542839683395
101765450180989
1631739357114332
934708146591577
494559970717385
439535746233252
956325314432081
838884966230834
504700356357574
1676875692547426
1626653887583959
540755252738919
1668675236709082
1645206932388566
1057125240964498
1661874080728312
458250194377483
1629220630691802
157600604584739
1621182241488354
150876298593242
740484509412150
1624664574451733
1657749447828025
1645426159046940
103220060034922
141647036187587
1127963247231141
1502144503436185
139374959749591
399345576942397
1643787802557081
750239095122641
496770433824842
528059134009649
1626345184287034
1621637058097135
1613428918924490
1680924332136942
416498248549800
1625056781101897
541200482712917
752563374889323
1599880613606693
444194249106567
521231201375397
556927581126938
485903971571060
533358863478145
1625087197769670
445437372311287
411612472376480
474069786105780
1508839309409003
1907616172796869
968876703155311
401886183336854
566559373499062
134240656930514
814936655290063
1506302646347340
1499629290335215
1678957065651684
779242402221162
1545054012383710
1503988763251040
1671393339748753
172260043116358
158584247820047
542474612572990
478106105708831
1643886535880919
428297867353951
1652585395023890
500371430124171
506510316182261
1493320430967945
104755046547688
157428977936430
137265176627164
1481630875472193
782964545182642
180221745647666
160231814324651
170487496628303
193689430962884
1725204457703371
159294717748719
1677227839188888
644841175658128
169308083409970
186516088354446
431449660392229
416345258576012
181757568825317
1637923443133044
1499268660370261
1645762012329264
10207394570889926
448903001983620
1497001313926683
469365749909475
424101544458455
1644936025778169
1706758576209737
396990790499911
523901847786807
980611535333926
1687485818153159
177859089216437
546843142145999
1171858656164465
1654677454779756
177239662611677
10204847263961220
482145931967181
709032679241606
493801124122964
1628842750697988
1176820625664972
484652255034620
1631989780402006
864043353710761
993560720707096
1663582853857260
148433752172810
436436876565875
543851009102323
1626911940902574
151101521905023
907141509333812
414289742113540
1710430122522835
719818574817348
1500186196964530
187689138233265
444951362362911
508445315998250
1506219379701826
901919473211356
1505260026457827
504203839738363
1648181768758029
644017012408195
1693498487550496
1662199520693142
1163377437010514
164832280528907
194532734210983
1783151678578800
711581122280240
835612896537049
1529170450707290
399310833604915
1502222526768464
1640608629551902
534975243327525
179111629090070
1498869707105571
1469004273430099
1631074900505874
535886793234850
162896880720079
1504899399828674
384575511741421
411329072401036
876623175785825
1671475309760494
393142500896533
1607129372886078
151788365170043
1722718131294882
1501345403520714
173280583011734
161930030816765
798124826965235
970748856319688
1475429889429183
1502039853444334
10153165021956299
10205039253806309
457257111128632
1679801335567542
1497654863892992
952254064834551
418927708307730
1195613057122283
1507412232912637
1503931939899152
1638319846425733
1504654173190927
1490696821259071
456742384505354
1755123941381965
440750709465421
526771974138953
603991636406609
1469032106761003
1486783284950534
487573231419834
1640852396196552
505109706324176
1528637307426706
1635273053393173
532061136948908
147369682278816
436239183232708
314006842103294
145526309131033
491231694391609
974976132559252